Conteo de palabras para Prueba1.txt
	web: 555
	page: 44
	site: 43
	ebay: 2
	webpage: 0
	website: 0
	webmaster: 0

Posiciones

- web -
[1407, 1421, 4121, 4233, 4363, 4525, 10308, 13502, 18089, 19475, 22774, 22861, 23174, 23742, 24052, 24278, 24952, 25199, 25879, 26925, 28332, 29440, 33813, 33908, 36207, 38381, 39383, 40862, 41842, 42887, 44841, 46618, 47555, 53553, 53569, 53672, 54118, 55127, 55568, 57697, 60323, 60576, 61368, 63028, 63716, 65446, 67981, 74525, 74606, 75894, 78933, 85171, 86202, 89974, 91028, 92759, 93085, 96883, 103287, 103362, 106351, 107726, 107734, 108461, 114386, 120289, 125106, 125738, 126685, 127537, 128008, 131033, 131561, 133219, 133432, 134338, 137804, 138904, 142089, 142979, 143045, 143297, 144501, 145254, 150304, 151343, 152400, 152532, 159705, 159919, 163266, 163378, 164123, 165054, 165913, 168160, 171652, 174140, 178304, 180877, 182303, 183282, 185037, 186735, 187728, 188368, 189354, 189817, 194938, 196222, 198185, 199440, 200140, 203275, 205702, 209804, 210468, 212277, 212634, 214038, 214133, 214539, 217098, 218754, 220506, 221663, 222398, 223983, 224514, 228195, 229303, 229851, 230192, 232249, 232760, 235486, 236027, 239258, 249911, 251315, 251329, 251515, 253439, 253470, 254090, 254705, 255211, 257992, 258424, 259785, 262036, 266444, 271648, 274216, 274616, 277000, 280587, 282495, 282740, 283775, 285422, 285600, 288692, 289538, 290424, 291087, 292341, 294784, 296860, 298534, 299412, 300732, 301058, 301578, 304621, 308165, 309877, 313765, 316256, 316798, 319278, 320866, 322495, 328417, 329734, 331655, 331996, 336518, 336621, 336853, 339887, 341324, 345711, 346645, 346778, 359156, 364604, 365980, 369727, 369782, 370539, 375005, 376027, 381406, 382882, 383359, 383542, 387965, 389065, 389612, 389956, 391193, 391831, 396745, 396985, 400619, 404987, 406894, 410726, 415151, 416307, 417172, 420272, 420565, 424976, 425685, 426076, 428299, 428905, 430106, 432167, 434067, 435776, 437005, 445790, 447024, 447222, 448446, 449889, 450265, 451359, 453812, 456176, 459629, 459633, 460035, 463316, 463461, 468918, 471149, 471656, 473050, 475239, 476923, 477415, 477549, 477792, 479146, 481938, 485086, 487451, 487920, 488662, 490790, 491750, 493998, 495715, 497227, 499308, 499327, 499394, 499424, 501172, 507025, 509602, 511150, 515745, 521752, 522741, 525564, 525902, 530795, 531896, 536047, 537805, 541292, 545747, 545929, 546044, 547310, 547649, 551382, 551665, 552036, 554517, 554880, 557252, 558417, 558708, 560157, 561493, 563028, 563584, 563803, 563852, 564326, 568070, 570293, 572116, 572367, 576429, 576891, 583609, 584345, 586578, 587635, 588420, 588885, 590010, 590981, 592201, 592577, 595991, 596293, 601497, 605475, 606856, 607516, 607588, 607840, 612925, 613670, 614901, 615794, 621444, 622456, 623336, 623720, 625948, 628501, 631287, 634601, 635542, 639738, 642234, 643054, 644012, 647690, 647876, 652096, 654940, 655059, 655622, 656038, 656508, 659306, 663005, 663557, 665897, 668519, 675378, 675683, 676737, 677598, 678582, 680790, 682818, 684377, 684964, 685248, 688180, 691409, 691779, 693395, 693859, 695073, 695423, 696372, 697924, 702454, 703589, 704282, 705689, 708227, 710702, 711122, 711169, 712083, 715497, 715840, 717676, 718034, 719045, 719784, 720110, 720991, 721048, 722609, 723382, 724251, 725684, 726288, 727093, 728608, 731411, 732491, 735683, 737391, 743016, 744177, 745641, 745970, 747374, 749243, 749792, 751236, 751730, 751789, 757966, 758132, 759676, 760202, 762697, 764194, 765230, 766306, 766735, 768794, 769107, 770614, 772694, 773913, 774016, 774853, 775406, 776732, 779087, 779285, 779479, 780065, 780094, 780312, 781206, 783496, 784639, 784646, 790921, 797238, 798666, 799904, 802528, 806381, 811415, 811775, 811906, 818332, 819046, 822357, 823307, 823930, 827663, 827669, 829821, 833590, 833949, 844971, 846573, 847146, 849431, 849780, 851646, 851907, 852983, 853203, 854254, 854517, 857588, 858443, 859266, 859654, 860132, 864145, 864374, 873245, 879235, 879883, 880649, 881205, 881367, 887078, 887685, 887897, 889475, 889913, 892022, 897188, 898531, 899094, 902867, 903503, 903984, 904509, 905385, 905837, 907936, 914159, 914426, 914666, 915079, 916295, 916943, 921652, 922121, 923311, 927068, 928245, 929883, 933121, 933674, 936259, 936905, 937952, 939950, 941090, 943921, 946018, 949980, 951968, 953376, 953658, 955779, 958336, 958915, 961922, 962547, 962839, 962925, 965642, 966524, 974884, 975616, 979369, 980037, 984935, 985954, 986402, 986535, 987449, 988363, 992638, 993862, 993989, 995012, 995687, 999196]

- page -
[51812, 57752, 80076, 86582, 137150, 158508, 180662, 200307, 242772, 289855, 293360, 369363, 402251, 410173, 445398, 458142, 465411, 480556, 487010, 502753, 569319, 586894, 608210, 614183, 615089, 637373, 637653, 658413, 661177, 670016, 672095, 678320, 686199, 687797, 688039, 702019, 749772, 796442, 846808, 855928, 865819, 910789, 951245, 958096]

- site -
[1054, 8902, 9384, 54004, 92773, 104541, 142110, 210415, 220202, 264151, 274648, 283389, 323759, 351252, 380717, 506720, 523234, 535127, 545298, 552572, 555919, 595509, 639043, 642121, 642661, 648923, 657034, 697339, 791822, 794509, 807180, 810926, 846139, 849400, 869503, 873855, 875478, 910261, 932117, 963125, 989191, 998268, 998586]

- ebay -
[128010, 586580]

- webpage -
[]

- website -
[]

- webmaster -
[]


Conteo de palabras para Prueba2.txt
	web: 531
	page: 45
	site: 50
	ebay: 3
	webpage: 0
	website: 0
	webmaster: 0

Posiciones

- web -
[6892, 8118, 8951, 11361, 11753, 14200, 14241, 16448, 19713, 21205, 22064, 26245, 27356, 32922, 34055, 36632, 39441, 40820, 46156, 49027, 50419, 53103, 54073, 63340, 65008, 65227, 67274, 70234, 70278, 73862, 75214, 75585, 80063, 82841, 83127, 87469, 88459, 88928, 89549, 90093, 90429, 95650, 97475, 98602, 103680, 103696, 107114, 107397, 109748, 110230, 111531, 113151, 115537, 117639, 120052, 120849, 122497, 124235, 124968, 125309, 128285, 130592, 132355, 135409, 135551, 135706, 135868, 137835, 138335, 138644, 138777, 139966, 143841, 147067, 147960, 150529, 150630, 156792, 158475, 160841, 164418, 164589, 169046, 174798, 175026, 175350, 175915, 177627, 182394, 183116, 183150, 184214, 189875, 191543, 202160, 202205, 205070, 208819, 210669, 211419, 211909, 212422, 212717, 215775, 216168, 217759, 221259, 222364, 223147, 224310, 224588, 224615, 225052, 237309, 237321, 238174, 238685, 243386, 243457, 245510, 249808, 252573, 253002, 253024, 253966, 255036, 255040, 256492, 256703, 257927, 260644, 263242, 267739, 268775, 273074, 273253, 274209, 276845, 278765, 279020, 288327, 289495, 297948, 303145, 303815, 304086, 305237, 305673, 306857, 308007, 308044, 308215, 308638, 308718, 311097, 311263, 312708, 315162, 315511, 317067, 317760, 317999, 318052, 318749, 320092, 320267, 323409, 326017, 327939, 328150, 333061, 335934, 337727, 340525, 343699, 345348, 348193, 349775, 350098, 351988, 353789, 357270, 357763, 359868, 359990, 366764, 367114, 368087, 370963, 372546, 376810, 378977, 379500, 380829, 381518, 382737, 383662, 386663, 388416, 389801, 391459, 391947, 393150, 394889, 395861, 395990, 399634, 404391, 405609, 406376, 408220, 411124, 411428, 412553, 413971, 414227, 415367, 415759, 416715, 418148, 429177, 429450, 431506, 434315, 439562, 441834, 444397, 444442, 445384, 448428, 451965, 453911, 454212, 454886, 456961, 460500, 460887, 461215, 463618, 464872, 464995, 465132, 467058, 473288, 473299, 475675, 476468, 476822, 477706, 481442, 485211, 487813, 489551, 490501, 490698, 492127, 492423, 495053, 505732, 505960, 508039, 516525, 516731, 517202, 517433, 520913, 521344, 523280, 526634, 528024, 528419, 529187, 530697, 531357, 531599, 532842, 536240, 539417, 539894, 540470, 541921, 542384, 542498, 544280, 550005, 550580, 553482, 554985, 561439, 561599, 567191, 569081, 569185, 569755, 571503, 572103, 573634, 575123, 575859, 576005, 580192, 580757, 581964, 585847, 590109, 591245, 595288, 595939, 598152, 599831, 603501, 605225, 606782, 607797, 610067, 612002, 627087, 629883, 629995, 631978, 632152, 633847, 636532, 637040, 643734, 643909, 646891, 646938, 648536, 650318, 656596, 657713, 660641, 661811, 661869, 663590, 665014, 669396, 670387, 672210, 672432, 675571, 678141, 680413, 680894, 685297, 685571, 685621, 687331, 687347, 688174, 688421, 689883, 691904, 695035, 695253, 699930, 701819, 702036, 702338, 702953, 703854, 704070, 704537, 705688, 706394, 713546, 713824, 716000, 718086, 718302, 719026, 723034, 724051, 725585, 725656, 726124, 726177, 727819, 729237, 731325, 734338, 735156, 736463, 737470, 737788, 741774, 742749, 747194, 749626, 752476, 757715, 758918, 760177, 764707, 765235, 768549, 769635, 769871, 770844, 771609, 774272, 774575, 774666, 776442, 777791, 779020, 779179, 779918, 784476, 785116, 787820, 792658, 793253, 793864, 794382, 797159, 806569, 806669, 812679, 815133, 816833, 817038, 817712, 818011, 819633, 820522, 821161, 823481, 823968, 825446, 825619, 826118, 826234, 826565, 827460, 830486, 832131, 832893, 834530, 837593, 838960, 839256, 839638, 843395, 851659, 851825, 852586, 853786, 858031, 861259, 867409, 867812, 870514, 870829, 870876, 871123, 872968, 875148, 876056, 879476, 884364, 885595, 890901, 893605, 893849, 894517, 896689, 897475, 897852, 898818, 899293, 900185, 903301, 904218, 905616, 906917, 910077, 912668, 914549, 916472, 917555, 919587, 922095, 923372, 925994, 926188, 926664, 927468, 928475, 928732, 928963, 930536, 932926, 935618, 937095, 941780, 941893, 942819, 944015, 944182, 946392, 952036, 953580, 959377, 959741, 960272, 960466, 961007, 961832, 963597, 964113, 965025, 966236, 967845, 968675, 973160, 975736, 976908, 978219, 981097, 983419, 990507, 991030, 993421, 994082, 994937, 995012, 995287, 995956, 996406]

- page -
[13458, 23636, 27663, 45783, 84848, 114792, 132473, 160661, 173706, 216503, 239225, 240056, 262007, 264734, 280311, 307083, 318158, 322937, 323981, 353664, 360485, 398616, 434136, 458105, 463586, 496558, 529532, 545806, 557988, 560598, 576679, 582308, 630601, 695273, 699875, 730003, 738309, 866348, 889516, 892564, 924606, 925550, 936825, 939394, 990668]

- site -
[6057, 20545, 32429, 54245, 60955, 65969, 103472, 111713, 119999, 120418, 149228, 171887, 181431, 186890, 202314, 213986, 226938, 246615, 270709, 298764, 325394, 369446, 384927, 387515, 395609, 445783, 452132, 459564, 469532, 498674, 580316, 582656, 620393, 637368, 662806, 667654, 687999, 753885, 802964, 814869, 825324, 848261, 867862, 891431, 896883, 929491, 948495, 969342, 977767, 992511]

- ebay -
[327942, 768551, 898820]

- webpage -
[]

- website -
[]

- webmaster -
[]


